P|T|M
P|T|M
8|8|8
2|7|7
1|1|1
7|7|7
1|1|1
2|2|2
1|1|1
9|9|9
5|5|8
4|4|4
5|5|5
6|6|6
3|3|3
2|2|2
0|0|0
7|7|7
6|6|6
4|4|4
6|6|6
4|4|4
5|5|5
7|7|7
6|8|5
9|9|9
8|8|8
7|7|7
4|4|4
3|3|3
9|9|9
4|4|4
2|2|2
2|2|2
9|9|9
7|7|7
6|6|6
7|7|7
1|1|1
2|2|2
8|8|8
3|3|3
0|0|0
6|6|6
4|4|4
0|0|0
6|8|6
7|7|7
8|8|8
2|2|2
9|9|9
0|0|0
4|4|4
3|3|3
4|4|4
0|0|0
7|7|7
0|0|0
7|7|7
4|4|4
6|6|6
1|1|1
3|9|3
7|7|7
2|2|2
8|8|8
5|8|5
0|0|0
1|1|1
0|0|0
5|5|5
1|1|1
5|5|5
1|1|1
4|4|4
9|9|9
4|4|4
8|8|8
7|7|7
3|3|2
7|7|7
8|8|8

ACCURACY: 75/80
MATCH (vs mptorch): 76/80

[PERF] cycles over run
  imgq   | 1164080
  gemm_1 | 387160
  gemm_2 | 77890
  gemm_3 | 12110
  qact_1 | 0
  qact_2 | 0
  bram_1 | 535834
  bram_2 | 369370
  bram_3 | 27602
  bias_1 | 47140
  bias_2 | 35340
  bias_3 | 5230

[PERF] total cycles over run
  gemm_T | 1409966
  gemm_X | 389450
  qact_T | 0
  bram_T | 932806
  bias_T | 87710
